-34939513457211.625000
-28823601700608.578125
-32239053488008.582031
-20269337137600.738281
-47171492886372.578125
-26201660005913.675781
-27512990712853.421875
-17385688137275.478516
-18521783431043.378906
-21186720560035.019531
-20967561822437.859375
-30317246126064.578125
-28831848628574.859375
-61150265931810.859375
-22707450501646.257812
-39308250160290.578125
-26202585756895.781250
-17464683581861.939453
-43685392814037.679688
-52335619026255.648438
-22095094502543.000000
-22278424458979.457031
-21221519504741.621094
-22706484379568.695312
-50141180409453.976562
-21833882464378.582031
-40585173104517.656250
-40976897194559.343750
-41501632168076.578125
-26200752352319.199219
-30570872809497.718750
-14843606385452.578125
-27512286306842.980469
-50666509812549.187500
-24978579556806.441406
-21833413324407.199219
-20086085139141.718750
-30142301985734.898438
-47964961215875.484375
-25074209137572.699219
-32196387983009.218750
-28822713536508.460938
-27432910494583.000000
-26124110637696.582031
-15717614328450.099609
-26201845156110.101562
-20924985089736.359375
